466
178
376
295
752
510
498
761
346
1067
263
2840
1655
579
1269
151
280
263
2071
495
576
668
1650
858
3892
1140
513
527
362
1379
2357
406
1455
376
309
314
1992
4962
1138
2161
609
35
74
1420
1292
663
255
17
1961
940
87
2611
173
472
1156
675
1304
71
91
688
355
79
213
467
127
493
7
1240
1185
459
1217
735
77
2672
1053
126
1972
1259
135
54
415
105
982
1972
175
2717
1076
372
771
50
411
544
435
1882
660
761
538
1361
1113
157
524
464
543
627
325
322
1569
291
139
150
1202
941
320
310
1262
1671
1577
2078
452
542
3328
193
443
182
1239
809
226
53
630
2877
75
437
115
320
815
199
2795
253
2185
308
469
419
184
1437
738
360
172
187
758
580
107
1464
186
1430
717
2039
789
204
106
1549
1070
236
1315
107
535
1145
908
775
1305
454
117
1792
1108
2607
870
2106
374
971
1141
365
92
712
1008
81
1403
1306
693
648
936
601
6
629
627
94
195
442
1342
331
325
1475
1897
4185
729
222
340
4470
333
909
61
62
113
720
2787
587
1127
1406
366
410
2414
301
1543
109
258
684
362
438
1826
51
184
201
392
2094
1051
2352
364
2588
240
1178
536
467
588
331
708
159
1054
100
572
1158
1633
206
749
1544
187
307
759
402
1058
3917
1446
1731
859
199
566
600
79
444
32
1451
675
119
768
1535
139
147
79
725
3131
174
852
43
88
45
90
225
325
1159
1534
475
558
1103
2950
114
1416
241
552
591
774
1086
8523
529
817
117
395
2546
970
256
567
171
401
280
307
375
469
731
795
521
24
356
1036
189
807
296
237
1212
198
2771
1393
1764
6
490
340
585
141
2054
101
835
254
460
14
727
123
830
20
890
102
323
1372
229
581
47
9
43
2814
95
609
1712
670
954
19
405
2421
2409
96
564
1493
290
524
493
422
1297
5
500
1064
19
378
1739
6
517
51
279
219
248
410
1404
336
210
150
215
1301
813
1479
400
914
95
493
223
911
925
531
146
670
506
590
303
211
325
682
435
2035
434
947
33
159
613
1935
194
161
2358
4
779
773
4059
22
617
2088
664
1017
977
972
178
2566
257
312
20
500
949
2772
1462
1118
766
631
820
228
17
2366
807
1884
2092
907
92
741
1443
1568
321
1472
106
344
189
1414
1606
81
1222
310
1295
1596
2096
3269
167
839
1187
108
114
5
1136
821
217
551
233
370
190
2137
2146
182
2166
509
622
1306
132
1349
1783
1182
1
1018
1048
287
592
1252
164
1565
1998
71
386
370
3014
1197
808
644
48
1415
1402
344
994
727
1022
3740
733
3746
1078
411
464
193
207
235
126
829
56
1572
1057
552
352
299
1083
301
321
403
2404
613
182
513
981
1988
1787
454
3098
308
527
94
86
859
552
600
668
1371
41
419
270
1993
787
740
253
695
1777
27
68
520
4
14
56
1684
77
2039
1086
466
370
420
445
1302
253
1793
792
618
29
1076
131
428
1599
130
231
791
1061
375
580
1023
2322
613
49
952
1001
1673
584
501
128
623
163
427
934
410
1296
1130
2869
97
197
501
337
813
1385
731
241
947
51
652
773
1273
541
287
1247
138
1683
1749
1043
303
166
1323
1735
1512
301
92
430
500
8
40
426
436
333
1039
1486
948
1205
715
353
237
820
874
763
270
34
1802
667
682
1633
112
154
593
612
500
582
3616
977
751
979
3123
402
179
2211
455
663
472
66
1043
440
1763
510
1192
1832
3391
436
1450
1736
69
832
1362
1113
944
2100
73
1157
229
3096
2214
221
934
324
958
682
528
2333
650
377
83
3240
350
632
638
1101
261
530
1669
2781
298
1406
1337
992
1433
740
522
21
407
84
2227
932
317
433
249
273
445
633
1003
85
33
399
948
245
48
2523
483
108
633
101
1569
440
916
527
33
69
115
259
424
1067
717
236
2154
425
22
977
2395
314
1909
130
1271
774
705
615
991
596
2081
540
801
1706
750
432
4543
371
2072
1405
706
1580
889
672
1179
40
389
3576
979
366
344
389
991
220
93
433
2675
335
248
492
3353
518
1296
134
349
1284
265
44
1210
281
2070
1441
2721
1484
270
451
3440
1961
1751
1947
2786
189
361
400
85
633
1000
523
1097
1989
282
653
919
1537
422
1150
129
522
262
2910
1082
849
1953
1765
993
1193
1664
1671
153
51
1843
371
95
876
3321
1553
119
186
10
1332
84
1840
1163
1143
32
115
1013
2678
1147
870
665
3864
64
704
1812
1291
2450
864
3466
652
13
1267
964
66
781
1501
172
451
559
736
385
770
609
1833
898
2591
1565
2242
820
520
700
12
1093
225
918
968
321
985
599
566
260
5
1
386
2148
1510
104
643
595
447
656
439
209
395
259
1465
402
866
1212
1142
292
640
2503
80
141
1934
347
195
4458
945
13
5460
1789
800
209
2333
993
357
324
757
117
1090
718
169
265
423
1230
3698
1620
19
272
1061
219
230
321
1201
609
2023
2674
76
492
705
1989
118
1954
325
292
468
678
1356
98
802
104
60
143
497
781
874
2489
147
1257
22
503
1333
71
64
1467
21
834
681
1403
703
99
208
49
1771
749
464
477
200
39
2499
831
1219
146
191
429
292
873
33
1204
838
102
3529
1324
636
240
26
14
452
214
1227
448
1851
349
102
1481
1192
111
6
225
734
3373
87
859
1211
563
35
490
1565
503
221
1414
1689
1198
181
1296
327
180
205
19
2926
1003
361
631
2457
685
4
99
767
223
25
3511
1465
838
214
1054
1244
667
391
2507
1290
226
165
1275
1437
241
133
1091
836
33
1338
699
305
464
818
86
100
19
1646
666
985
1001
51
319
2070
443
1331
329
283
2622
2459
1360
1492
299
714
1413
3124
957
1804
679
408
1089
564
387
250
726
24
2862
336
119
173
72
1386
1193
808
703
268
1127
525
1210
1337
1632
1321
259
36
926
875
579
2158
827
204
575
75
1045
304
97
813
299
4509
540
67
302
772
1883
166
1859
1389
709
3434
702
1018
187
806
266
650
503
426
2359
108
1114
341
781
894
1424
957
57
3331
140
827
416
1185
641
550
39
168
1219
85
68
178
1080
1008
2085
20
45
799
841
132
307
73
546
330
2804
1599
416
153
783
639
1249
2095
863
215
295
677
677
583
1664
770
1160
968
928
88
393
218
1302
1327
1672
507
402
618
1648
71
70
1031
995
43
71
622
1404
677
1878
239
874
1270
1578
590
629
351
452
3890
1177
4652
2292
651
129
508
145
2334
74
1797
2385
458
521
117
701
1352
52
1901
168
1173
554
209
1787
239
667
2416
150
624
805
1220
1613
37
1675
952
1921
498
1116
469
1620
499
328
1740
488
820
1410
587
736
963
2035
1442
68
17
1037
1276
528
1211
658
1005
23
3300
727
171
361
740
1212
2690
1461
851
517
859
1018
668
2833
1941
16
470
1008
725
405
1094
483
1179
155
1416
272
1129
127
873
284
1230
131
587
133
36
1192
266
78
675
707
96
41
418
446
520
210
99
1147
537
246
3
785
132
509
2189
1369
866
2623
871
2019
91
198
684
47
813
218
124
684
789
430
404
322
2132
617
15
894
28
464
1505
1920
985
500
2750
2534
3223
57
1813
173
862
179
114
238
656
2341
213
171
1839
496
1688
2867
1175
446
252
1063
2402
601
559
343
702
1543
2847
550
1261
667
869
1265
717
2448
96
819
1774
419
881
1923
72
184
1358
601
734
62
388
3496
202
355
676
4212
9
448
20
587
1355
460
310
1569
143
818
373
136
1443
709
1078
344
874
36
2
995
108
205
1031
2104
39
773
240
12
451
1406
2
935
149
20
636
1928
110
1050
637
1396
434
35
974
87
1350
409
83
792
850
335
1635
1055
8
348
443
2480
766
238
719
538
146
98
731
329
967
78
1009
771
2667
210
129
34
713
2477
1131
734
120
694
596
368
679
1695
252
48
311
1525
1097
326
2192
536
5
368
188
164
1231
692
1027
80
77
1715
1433
456
3746
209
87
697
935
389
1158
579
838
49
1125
507
989
585
25
1074
707
740
400
828
184
117
270
384
661
613
1420
283
470
185
3070
379
1688
2153
258
842
340
19
115
230
114
1112
178
999
181
1420
63
1324
407
1349
2622
10
733
705
57
247
1570
206
1446
1051
339
9
1801
77
146
2372
173
725
805
738
60
291
219
1555
2653
1048
1185
813
177
285
200
1020
3
1483
891
1383
481
2047
334
419
1604
622
1109
125
675
113
24
262
192
1017
406
830
33
2038
172
257
1278
74
107
403
752
1115
1085
3950
1890
284
1358
1491
1697
1353
3226
134
56
475
359
485
3090
76
69
1715
572
2109
441
630
887
170
107
474
3033
147
55
104
122
172
1614
582
891
195
970
2911
377
771
5
1198
373
248
140
223
108
743
1111
1353
108
142
160
521
2473
630
973
2208
317
635
1116
956
2911
990
907
365
1577
650
428
1083
309
783
330
770
198
2928
2941
820
1235
457
396
219
2062
530
412
1317
131
262
424
2129
515
922
242
1731
1220
1436
130
258
1665
298
111
539
107
854
1045
325
817
1501
1411
1448
54
533
68
1463
761
189
1017
7
348
2073
1192
133
1705
673
1726
738
297
321
132
460
100
665
1671
784
2268
3170
308
327
438
194
584
1473
108
1892
419
850
141
762
101
204
103
210
120
780
2046
199
1122
2313
105
122
43
3
160
1371
157
548
816
581
3978
2864
895
1585
589
394
57
3119
1102
383
1161
2502
632
762
1493
600
1134
779
2918
275
351
654
151
941
1182
900
556
277
1096
62
963
146
766
1300
1432
169
52
433
1291
193
83
268
557
54
293
2656
936
272
1065
3
1504
374
943
887
458
265
1445
1290
92
1345
94
2216
204
226
581
201
372
593
977
2259
23
230
3446
546
279
823
1613
627
105
764
324
187
234
88
1026
238
76
51
403
358
2024
162
680
814
1030
1686
4075
331
340
81
267
283
384
581
527
2391
135
150
689
620
623
1174
156
655
81
874
2319
454
74
2648
413
266
589
255
8
727
229
213
102
355
1312
97
3508
162
1313
422
360
575
1726
534
2748
2437
2170
661
274
654
3167
205
355
899
798
859
84
666
25
1008
346
4084
91
1872
754
1379
1252
1220
2119
1225
578
381
1290
355
450
98
118
1891
1475
205
1343
553
1
1281
1290
438
84
172
393
234
888
355
93
585
214
314
517
288
823
263
1105
53
698
2436
324
1929
2223
414
252
862
448
540
949
376
712
725
106
262
232
338
103
952
984
1882
488
1741
459
443
952
92
1473
627
185
686
1544
94
1461
1067
396
778
380
1181
713
923
230
562
2856
188
1026
177
2288
496
100
763
1053
578
67
900
1637
1802
283
1254
2461
2422
2838
34
2487
2155
790
666
207
65
642
1180
469
2349
255
62
865
5267
396
3959
875
580
107
708
351
237
218
2583
431
266
2431
1875
364
339
393
1419
427
1626
190
509
1964
443
741
1255
742
2484
2919
969
79
1295
47
1048
545
1427
430
599
198
184
1717
15
178
1921
26
117
587
236
775
877
1112
255
4894
1068
2334
431
1565
1437
799
55
113
269
107
176
144
233
249
6028
1951
258
5
681
392
80
42
820
126
5597
169
507
1095
323
444
707
3236
272
690
632
391
827
1157
848
2197
2869
1182
2385
2089
756
25
641
277
274
973
721
619
102
1318
3008
637
283
1827
61
1523
370
790
125
822
10
282
828
918
114
673
1807
1044
871
258
1775
173
932
1546
239
429
370
485
1060
793
1134
18
180
1022
236
556
995
9
1517
1033
532
288
1334
955
2124
188
2638
64
1003
1044
173
419
1938
460
451
432
1256
2154
295
1144
800
174
101
878
755
766
148
1109
86
179
4076
229
381
1974
196
745
567
932
648
261
5
639
85
172
1547
116
1839
80
68
834
1644
3066
1452
579
90
351
459
217
1570
458
119
1396
331
164
97
1331
1964
1220
270
60
398
296
201
184
1157
576
470
158
87
42
1222
3
1138
879
195
588
79
608
767
79
789
3327
447
328
322
117
5981
782
43
657
1533
170
547
55
1809
529
217
1094
251
3084
1011
418
480
3637
424
567
1010
1654
43
1530
427
3408
684
1268
1224
1279
91
190
566
166
118
826
2830
215
4153
2998
1791
1630
27
563
54
3323
226
1220
80
361
324
253
1298
642
169
716
8
1730
420
102
98
1496
522
3012
261
359
1162
634
635
1948
216
522
2122
689
1637
2048
2188
1078
1935
757
1106
1344
1326
1346
1084
24
2570
387
746
419
710
100
1636
958
72
1471
251
876
132
3066
494
1344
2914
1440
592
111
60
1622
18
1018
143
159
180
1392
156
559
177
40
552
848
123
337
1145
716
176
478
718
74
882
3013
66
650
1499
1938
23
444
256
237
2451
466
37
4387
1346
548
596
286
421
1517
1132
22
712
238
1131
907
2082
180
1555
847
914
1198
148
1727
1052
415
23
5
581
1672
509
104
2232
933
689
1335
40
217
688
1006
389
380
1325
1721
1157
1341
770
157
803
32
100
179
188
26
446
1162
456
272
83
982
905
1511
103
290
320
3205
481
519
2032
352
565
243
1233
449
625
2377
555
72
648
319
798
385
559
51
1017
176
17
1196
854
612
1267
607
224
391
816
845
571
1027
853
132
1722
570
338
806
178
1646
660
16
377
181
2350
1303
32
245
57
414
3125
1375
556
450
1048
162
2597
1171
578
254
1684
299
152
653
320
629
4
823
1077
88
154
279
74
65
3013
1721
337
20
19
695
247
704
1508
483
380
678
644
29
401
728
97
342
2305
2085
129
833
3283
836
169
181
1424
122
2231
192
3659
1294
223
1947
1930
2833
1622
184
294
1643
1296
528
630
2487
75
210
1350
2923
646
1621
189
378
1962
295
1074
947
438
159
2224
225
293
702
143
717
27
719
85
544
609
2
199
329
2252
579
281
326
1247
212
941
1922
1569
148
2063
356
474
34
478
117
227
3032
672
834
933
564
312
1648
3268
540
1312
573
146
2590
3473
987
647
169
787
58
1095
1179
876
1101
2252
404
378
849
104
441
512
1265
2142
63
400
247
737
2242
1075
223
161
3559
493
685
195
963
690
37
1151
1158
346
1812
1029
221
779
130
421
49
1179
63
875
1367
9
422
394
68
123
747
58
996
152
561
161
111
135
30
1429
172
75
1161
671
675
81
295
497
758
768
191
867
760
792
42
1744
1136
85
208
274
910
297
962
719
513
135
124
1913
864
520
352
600
445
1285
629
590
566
501
963
38
1955
22
1426
312
481
826
619
2605
912
1207
705
139
425
1368
238
432
675
820
440
1465
1514
2655
1656
1671
2590
856
309
301
663
94
1782
2980
997
183
228
65
301
650
1734
1571
1318
134
244
765
3211
16
779
2528
716
563
521
348
175
647
1809
173
222
503
63
2051
161
785
342
1375
2761
542
76
86
78
686
1030
1719
84
2235
686
986
456
1020
324
971
106
424
642
31
2727
2021
675
3269
657
839
404
1217
256
36
1219
1214
290
511
366
19
1286
295
293
215
203
1025
309
35
86
6
420
177
996
18
344
264
2693
264
1402
557
2936
854
834
1048
2155
712
59
616
480
954
1135
1351
146
1358
2344
219
262
593
1331
595
1507
840
754
2139
1514
2477
121
461
3350
2340
566
1877
89
787
1438
902
413
326
723
139
827
659
33
322
349
1470
193
324
524
437
915
737
832
82
996
620
123
1494
92
654
4163
316
131
134
51
161
463
522
681
2592
640
146
315
6
1057
1681
163
811
296
457
142
2649
889
555
759
387
3143
1807
172
80
994
2044
208
1257
499
123
1500
243
1426
2078
1118
1205
1172
216
1374
2363
1911
438
476
242
272
115
1935
354
880
98
1615
846
1989
753
275
915
934
37
155
538
557
79
147
840
168
1590
131
710
488
511
1318
143
401
99
319
110
1277
530
623
899
122
1304
114
470
99
2686
721
106
659
556
1047
972
341
1578
46
110
185
207
1680
1476
644
1867
135
1712
858
411
1552
583
585
478
512
1026
489
60
1260
824
254
79
596
1152
466
2922
97
786
438
1080
809
1538
53
332
1375
323
662
772
1085
1122
1494
142
596
446
91
880
784
177
844
737
476
1719
106
166
458
6
199
548
836
340
506
547
329
881
362
4263
266
133
104
295
401
509
2449
262
2637
382
355
25
115
2743
441
1316
269
582
109
79
1391
2308
709
278
3261
357
324
3
1707
38
442
1893
190
206
280
280
138
51
3837
1081
2124
577
3464
383
449
261
87
128
612
7
273
1851
1055
342
257
1142
597
1041
316
499
90
79
635
2084
310
108
1692
1457
1386
326
309
122
261
1382
199
551
1076
355
538
1232
524
2345
666
828
499
57
1948
36
130
158
408
1188
566
405
140
400
1680
223
647
642
1027
85
1299
506
53
484
163
130
1395
377
566
317
647
146
97
3552
203
154
1194
862
649
112
370
1418
495
1806
468
444
1664
375
82
1565
141
184
921
1428
1204
151
1234
776
2478
610
104
1025
1141
130
858
3506
53
156
1641
1907
216
67
94
1816
338
213
2153
452
357
90
575
364
221
214
151
342
235
199
371
34
621
108
1112
2045
1163
40
127
2300
4
140
1052
3063
708
943
924
1217
1274
1151
1163
325
217
1496
388
1033
938
557
180
4072
286
1231
578
916
364
783
2506
1595
155
3342
1839
371
20
834
401
2376
1861
546
166
436
107
650
428
1768
880
659
476
98
782
882
127
1620
2030
279
1067
1080
353
408
1874
112
149
700
752
132
1450
1330
838
700
638
267
3343
108
197
84
389
3597
1076
404
317
1239
907
1279
728
210
198
727
1464
1669
4164
624
150
256
681
922
228
157
490
1109
11
1653
78
90
495
560
679
248
370
1870
843
6
1702
614
218
90
116
1511
1223
498
663
174
52
34
157
1533
2313
278
1976
2548
2114
1511
422
3486
312
236
1017
202
1503
665
261
866
11
640
2550
430
506
217
209
447
860
887
523
302
1507
2173
2625
536
198
3320
1420
654
324
1806
5951
1
698
1769
432
196
1734
147
543
371
76
5939
221
4092
1425
519
499
276
988
1555
1071
808
3089
102
140
801
1946
48
1134
559
235
674
1798
1078
142
968
1889
147
242
1396
618
1151
345
2984
718
1215
53
435
15
977
599
1564
1482
467
11
2130
377
97
57
1219
652
124
3352
81
648
682
98
75
149
783
426
1516
295
653
243
468
985
1107
128
780
519
173
690
76
251
21
86
21
1
339
1279
254
59
1104
323
828
875
276
1820
504
1131
1491
174
24
746
1214
1322
77
512
115
1046
884
38
3568
68
607
489
1842
794
147
227
396
1160
771
688
905
300
282
232
431
236
441
609
134
2041
222
1730
517
538
40
63
984
420
797
1369
631
240
14
104
731
265
130
30
1879
705
158
1130
316
841
594
1491
257
695
61
1874
3638
708
925
748
332
444
103
497
1034
524
685
805
1179
748
362
34
3151
555
323
355
69
3006
1658
628
3338
256
707
1828
1272
626
545
2512
2042
839
2673
1098
2039
802
722
823
292
819
1040
1494
81
507
516
1610
98
2181
335
145
1215
1522
167
257
97
1494
279
1660
69
1207
683
578
2150
681
328
1554
109
362
2791
1220
3166
9
578
1439
785
108
285
5594
21
1002
988
174
355
47
383
652
16
903
256
1228
1481
1227
313
1334
32
659
2778
452
2556
567
360
973
586
174
152
272
239
1585
304
1136
995
422
540
361
769
328
1700
1041
216
613
1512
1253
7
231
1249
1089
1292
1240
756
397
587
633
166
313
251
160
262
1886
568
496
1323
430
19
402
366
2399
594
1719
2104
1063
811
1456
1797
360
2021
4
316
1805
186
403
27
3246
1195
118
402
756
1722
624
2706
325
888
1586
471
65
646
955
505
73
1471
335
625
37
2075
745
674
1202
476
529
113
1111
794
65
750
2524
1325
384
841
1180
110
891
751
1199
148
1954
2541
1162
3127
961
545
1433
730
1607
832
431
441
568
58
1732
107
37
347
481
290
1613
1465
1576
34
323
87
61
2690
887
2693
124
441
925
229
1641
1431
635
307
579
24
1118
928
1228
909
1868
133
1443
2157
800
1109
776
529
892
916
616
57
33
1946
23
214
1838
1173
1053
2261
381
356
1503
12
1538
43
591
1709
76
683
1120
239
75
2533
250
946
787
350
273
806
65
138
514
151
377
606
1602
290
27
913
113
595
49
1167
359
2072
600
319
1652
219
2221
917
127
730
71
233
786
805
1977
399
723
376
731
2021
32
1305
41
545
174
44
2612
763
968
1067
456
269
295
861
1127
352
4745
73
2171
10
382
322
650
260
787
9
122
524
1430
98
868
3059
1009
1047
552
941
1339
912
13
1100
1506
450
230
1580
375
76
143
464
226
984
320
1034
724
674
264
772
377
2627
954
16
472
1961
518
3
1328
1024
51
1196
424
1667
1076
1035
516
545
2166
357
1119
1112
4175
673
1363
689
1681
274
594
51
1323
485
1044
908
1259
225
1022
185
159
163
1171
140
23
626
407
789
1858
946
1875
225
1554
465
1806
931
316
2009
1075
1669
319
825
318
62
173
433
1017
644
1819
979
872
606
1213
1363
861
669
1031
1544
2453
1742
1246
1362
35
208
211
354
605
58
268
1122
69
1034
894
391
1542
2196
65
18
539
3026
322
96
1263
3481
924
440
589
1948
905
523
1367
743
3261
409
1739
102
584
367
974
562
2436
130
561
495
743
423
803
112
1790
1086
3155
278
431
1668
19
1962
124
307
21
618
844
1232
928
276
167
595
1783
206
47
396
2433
79
107
420
970
2473
891
236
826
3
316
20
68
131
2022
167
420
79
222
2
152
666
4963
327
641
210
1689
16
504
151
798
1714
2192
850
222
1444
322
295
393
34
1373
29
134
197
221
866
1127
915
4189
216
367
479
754
136
769
249
595
615
444
233
1800
801
1491
773
1069
340
636
110
2421
53
763
683
280
1315
1168
195
719
222
2098
485
750
834
1407
2141
432
419
726
174
1536
1826
33
281
1231
748
588
507
78
1418
426
644
2588
1862
1726
455
2321
1765
69
173
385
1006
1404
311
1291
504
367
1543
458
2171
225
90
97
689
18
344
138
265
489
652
331
54
556
721
96
2808
544
1483
211
619
510
3753
1082
889
546
877
65
428
1139
415
1628
320
566
2223
1391
1715
916
1415
115
521
289
745
36
484
197
616
321
1262
1220
636
1107
1267
221
422
1226
526
1521
857
315
246
274
957
1679
177
2007
1262
105
1147
763
545
440
1488
309
53
70
1017
503
882
987
2420
114
726
3011
238
309
209
37
38
1837
762
847
2059
319
191
186
292
517
5718
216
20
1318
571
18
620
563
1973
625
407
699
307
74
684
182
1112
420
813
972
209
143
1039
251
2030
4541
72
817
1070
135
772
281
4006
49
2225
425
29
583
929
253
272
1220
1240
260
276
539
1242
38
2097
1623
808
1108
747
455
1183
1006
725
234
163
773
995
115
332
910
323
216
2568
789
770
931
557
376
1483
249
793
446
518
180
140
554
287
179
2280
3110
1438
903
533
362
452
853
244
275
592
553
1819
349
116
315
545
125
726
61
1808
83
129
1543
537
461
5448
512
758
197
463
95
452
698
2030
20
1266
29
501
139
67
226
929
1771
424
601
200
1285
334
2028
823
647
528
1900
906
167
325
1466
342
693
282
1235
6
1504
29
115
1175
1078
1227
1386
901
2701
792
2980
1794
363
547
826
562
248
128
122
1317
645
2902
910
399
888
194
1511
8
244
292
128
3227
56
182
599
3490
441
700
615
629
276
717
781
59
133
1629
1672
326
219
1086
2497
1556
176
1369
13
107
1770
365
382
1152
3577
179
722
8
742
670
1533
1224
850
296
1829
368
4
632
577
695
77
2
1025
339
1100
432
19
935
793
269
29
3318
4
740
2249
282
1402
929
329
167
519
4503
574
754
941
851
1327
1341
728
373
225
9
882
814
1036
1036
1319
1222
290
561
996
1410
34
784
165
847
518
190
3148
468
1352
699
862
2528
1000
623
615
888
702
519
604
1164
3
754
131
83
1553
1900
221
30
1388
1247
901
854
80
417
711
3
1348
438
102
435
182
1356
1849
937
1029
2341
123
1945
231
444
104
1124
2355
1004
630
361
1340
1128
395
370
9
356
342
952
244
1983
1040
299
1145
126
112
2583
559
153
957
283
282
672
375
3066
45
766
89
1540
1251
402
960
1008
581
2034
2105
362
1546
2216
1608
2178
482
1551
419
268
63
1232
664
3040
302
2479
74
603
219
1267
2731
1698
674
614
1352
390
389
624
35
1939
943
342
162
1427
388
2137
494
3062
638
1515
1511
664
69
440
108
828
1608
188
459
110
613
636
152
193
870
959
406
1266
1138
1875
743
415
1568
319
273
812
956
1563
398
419
1032
1653
689
194
875
102
1523
899
824
466
1262
1704
693
47
156
222
273
685
75
374
393
184
374
23
1510
300
21
311
141
618
620
778
131
1183
802
420
1001
922
560
1529
1471
29
251
836
48
1847
895
1291
988
46
192
299
779
1150
1047
771
1225
590
90
130
1594
946
293
3341
236
451
1507
117
905
965
125
1216
100
176
612
1680
281
559
590
2473
1095
395
1974
748
2942
205
311
95
310
190
360
70
77
311
142
12
35
852
305
353
1649
426
141
659
138
850
306
1159
530
85
92
217
1241
578
614
94
799
23
3974
1491
404
384
37
404
114
206
1629
90
65
657
812
569
241
486
234
348
325
1115
536
121
1255
290
228
543
6
8
2176
549
849
35
3158
1
512
550
438
4632
84
83
1959
12
1365
295
128
445
161
180
332
4575
489
613
381
292
133
111
360
372
541
332
526
491
2552
3820
270
1442
1868
1344
105
633
373
567
560
619
1240
833
365
43
370
185
1221
1631
251
1005
656
998
239
196
3845
116
1651
528
441
829
155
1175
725
43
626
3095
164
132
1031
100
1100
956
441
132
1057
3191
1711
262
626
1509
1530
1613
65
268
1010
484
225
2101
233
1091
966
2403
17
392
1158
410
46
75
481
1134
643
167
912
7
167
380
510
497
872
82
137
2299
617
1789
4062
324
479
817
1387
120
214
138
57
1150
3122
233
450
546
1139
306
1641
486
607
410
1049
6
131
201
232
2597
769
2383
648
378
3003
788
805
116
1612
1013
2564
1149
600
851
222
447
679
354
875
2136
459
488
1721
14
956
748
646
1676
459
85
1611
504
363
968
3642
938
119
194
371
722
2
988
1304
584
51
1352
760
865
480
826
1288
497
417
1620
31
687
740
1609
424
343
734
52
1024
221
84
158
375
152
289
2013
29
676
872
456
690
474
1269
291
1680
1132
251
70
177
166
834
1036
462
3327
511
430
1607
475
169
917
4369
1157
257
1770
327
577
783
338
934
1358
538
277
504
501
836
1321
309
382
378
2268
359
167
39
322
496
438
81
217
133
459
360
200
775
42
1353
258
1158
3223
1517
2015
902
521
676
804
1512
448
284
1258
59
781
2062
38
380
103
1596
680
425
716
653
508
257
579
412
59
902
154
135
2628
353
715
205
122
13
497
412
2835
28
1351
796
371
102
1097
766
770
402
91
848
2061
33
795
94
1670
790
1167
2002
1812
488
1061
1588
315
550
1178
16
630
1220
259
255
1263
1325
735
2047
1201
578
258
376
3442
390
1664
598
397
1557
547
523
1641
1530
1212
1452
382
1317
1524
175
1977
2287
389
100
1821
720
58
351
151
8
823
42
441
654
1997
236
1319
131
199
97
1465
404
92
86
2500
298
3588
27
3260
372
120
1861
43
2733
83
964
604
1010
222
986
139
2587
2674
1112
190
2214
79
1371
1027
2149
346
2130
1302
383
1933
1396
2061
1300
2112
1599
1102
96
197
1440
2064
893
1534
79
80
296
122
57
1278
348
27
10
225
1253
785
281
268
1109
1312
774
95
3288
778
69
193
1107
354
2284
559
2059
538
351
190
2079
39
412
114
5065
225
2728
259
55
944
133
1099
1061
811
846
754
367
546
1033
217
591
604
257
1068
2830
675
322
462
533
761
4362
256
2129
48
1979
1453
308
660
58
407
802
3666
734
1210
25
360
456
1581
253
790
1464
308
289
263
1400
511
310
424
883
3779
940
256
86
2469
1704
1156
808
1418
541
334
2578
3512
483
1443
341
1071
354
399
488
1478
910
986
53
1301
321
283
261
437
289
822
3659
11
974
1401
1268
154
341
1665
56
1114
642
1593
6573
1066
2264
343
295
244
333
1362
555
893
240
529
51
897
146
1427
1
1512
745
325
317
718
358
491
9
468
263
1565
762
49
24
842
1054
1803
578
726
1480
1733
936
639
239
1254
519
793
310
822
46
3070
757
947
145
120
9
1257
747
295
861
923
632
901
283
85
79
711
1591
250
194
1617
2766
201
570
684
433
227
536
58
64
2917
900
761
1632
34
146
319
253
244
105
2025
396
92
514
791
1077
252
1809
1547
1838
2267
1236
591
53
399
1907
3023
465
295
729
820
191
112
2095
4005
1645
902
617
1876
1479
411
643
2814
2084
71
152
320
735
218
597
1055
813
2698
3255
1442
2117
267
850
1358
2713
820
324
116
1363
2143
367
240
952
1172
1537
3137
1712
193
677
197
1131
1078
30
556
3566
624
1307
182
861
310
910
192
263
131
106
856
1367
999
602
489
1677
217
800
149
471
271
788
750
918
668
24
51
233
1351
2301
351
142
6
47
1254
21
604
978
809
780
1321
16
174
1014
1592
75
1250
64
2336
797
8
862
989
2173
2
407
2000
969
292
759
151
350
742
84
96
256
1006
1915
1114
332
1564
743
606
654
1890
66
727
1021
473
3296
161
65
1169
464
1611
2446
1441
637
131
465
1388
303
418
2528
776
266
549
2
1322
297
651
146
805
65
31
5
796
826
1136
1611
424
789
2356
136
711
96
70
1565
440
3237
23
473
432
54
4508
187
