2.4389448165893555
2.855234146118164
5.420841932296753
4.911699056625366
5.129168748855591
11.671672821044922
8.082353115081787
5.882474899291992
2.1646437644958496
8.631497144699097
5.23552680015564
8.48198914527893
18.52279496192932
3.5331039428710938
6.319555044174194
9.485493183135986
7.090277910232544
2.475498914718628
24.80289888381958
11.953725099563599
2.467824935913086
5.43398118019104
7.520117998123169
1.3571431636810303
10.042024850845337
10.02643609046936
2.87337589263916
6.73593807220459
5.345800161361694
3.0083839893341064
3.317275285720825
3.4314351081848145
2.205925703048706
4.339967966079712
7.010978937149048
8.701545000076294
9.993008852005005
5.128075122833252
11.551163911819458
1.189892292022705
2.987962007522583
9.537018060684204
9.967150211334229
5.132482051849365
2.8030619621276855
4.730658054351807
7.828866243362427
5.493799924850464
7.778514862060547
4.644304990768433
3.436185121536255
4.703273057937622
2.7543630599975586
7.103015899658203
1.1635310649871826
7.756927967071533
2.930474042892456
10.747237205505371
12.249856948852539
3.903019905090332
12.087992191314697
2.777008056640625
7.017362833023071
1.0230159759521484
12.335314273834229
3.021759033203125
1.4759447574615479
3.706273078918457
9.982942342758179
8.985136032104492
4.193848133087158
6.113605976104736
3.99664306640625
1.4137187004089355
5.5137939453125
5.697433948516846
5.569188833236694
9.399048805236816
3.6006531715393066
6.541382074356079
4.956269264221191
5.15672492980957
5.822232007980347
5.445558071136475
6.26262092590332
7.068815231323242
12.734273195266724
9.59469223022461
5.146721839904785
5.326261043548584
2.8537051677703857
3.6996212005615234
9.206949949264526
4.958014011383057
6.355420827865601
2.813538074493408
2.969630002975464
2.7893741130828857
5.905091047286987
6.402429103851318
19.834736108779907
3.275698184967041
17.428187131881714
4.415169954299927
0.5800271034240723
3.8306312561035156
11.95444107055664
8.666550874710083
2.9339890480041504
10.297487735748291
5.3638739585876465
3.4111368656158447
2.8823130130767822
6.6044371128082275
1.6391990184783936
9.183040857315063
12.195105075836182
9.936169147491455
5.673261880874634
3.8564138412475586
3.1831018924713135
3.4471750259399414
4.272442102432251
6.54851508140564
7.571396827697754
7.768560171127319
2.4508981704711914
4.696892738342285
18.585132122039795
11.495833158493042
4.125375986099243
4.130945920944214
1.980309009552002
6.430395841598511
3.464329957962036
8.053475856781006
1.4264540672302246
3.371090888977051
11.862532138824463
3.3571741580963135
0.5533580780029297
1.270056962966919
6.965440988540649
8.095376014709473
6.252318859100342
11.108918905258179
6.723126173019409
5.176638841629028
6.421163082122803
30.974720001220703
3.594089984893799
11.023122787475586
5.148548126220703
2.6990249156951904
3.1526269912719727
2.5126309394836426
4.561691999435425
5.358798027038574
2.0221710205078125
4.948585033416748
4.30190110206604
5.804429054260254
10.951255083084106
12.152332067489624
2.1894521713256836
3.5691888332366943
8.198580980300903
3.676654815673828
3.567690849304199
2.7105300426483154
4.224708795547485
3.720310926437378
1.3461291790008545
6.147245168685913
2.6851561069488525
0.37500596046447754
10.465682983398438
8.852700233459473
6.516235828399658
1.3860340118408203
16.986313104629517
3.085036039352417
6.882049083709717
3.74219012260437
5.954492807388306
2.5070300102233887
4.265095949172974
7.291812896728516
2.3744137287139893
2.44496488571167
1.984950065612793
6.37273383140564
2.3916590213775635
1.5250802040100098
8.215314865112305
6.763887882232666
3.8591148853302
2.69307541847229
6.752456903457642
3.2370219230651855
3.9456889629364014
4.483194828033447
2.527686834335327
3.792083978652954
9.16040301322937
3.910626173019409
3.4645047187805176
6.982334136962891
9.189879894256592
3.4293038845062256
16.62625002861023
2.9433951377868652
9.257764101028442
7.103192090988159
4.6335132122039795
10.945621013641357
1.3857598304748535
6.263116121292114
13.940392017364502
6.8397438526153564
5.318759918212891
1.2591469287872314
10.48210883140564
13.551337957382202
3.947066068649292
7.734988212585449
6.22246789932251
5.988478899002075
2.070075750350952
9.870757818222046
4.523230791091919
5.853374004364014
13.461570978164673
12.770058870315552
7.29543924331665
1.270730972290039
4.318960189819336
4.37108302116394
3.3024308681488037
2.2019100189208984
14.638443946838379
8.163826942443848
4.162299156188965
5.396872043609619
10.52221417427063
4.338051080703735
7.369562864303589
4.420444965362549
5.513268947601318
11.855318784713745
1.8378009796142578
11.664557933807373
6.817314624786377
2.497572183609009
9.513688087463379
5.726230621337891
6.218354940414429
15.49319863319397
16.229801893234253
4.016932964324951
2.541524887084961
1.6066927909851074
3.139075756072998
9.142704010009766
3.8440370559692383
5.1628899574279785
2.9109439849853516
9.75612759590149
3.149631977081299
5.607194662094116
12.83210015296936
12.872284173965454
4.159632921218872
1.0990281105041504
4.940514087677002
4.9405412673950195
6.346506834030151
3.160870313644409
9.861326932907104
4.115193843841553
9.459594011306763
0.77199387550354
2.9730031490325928
1.1281273365020752
6.214854955673218
10.643004894256592
3.904592275619507
3.7265589237213135
5.890094041824341
9.769986152648926
2.7194738388061523
4.983521938323975
7.872804880142212
1.5647680759429932
6.245378017425537
4.033962965011597
12.021209001541138
2.4590258598327637
7.6573169231414795
7.932638883590698
3.337966203689575
3.4559738636016846
6.2858970165252686
6.495895147323608
14.35268521308899
1.3621017932891846
3.7542169094085693
8.161296844482422
3.783965826034546
3.7421069145202637
5.14989972114563
6.903835296630859
5.557379961013794
6.868131875991821
9.615108966827393
2.1379129886627197
11.908967018127441
6.158949851989746
2.0419540405273438
3.064377784729004
1.9479191303253174
3.1095058917999268
9.825118064880371
7.279977083206177
4.165009021759033
4.6437907218933105
5.735902309417725
1.8012750148773193
9.071649074554443
8.401925802230835
1.1439921855926514
4.164823055267334
4.367304086685181
17.009525060653687
5.8852880001068115
12.487297058105469
8.270104885101318
4.1862568855285645
2.232887029647827
5.840545177459717
8.42878270149231
11.208838939666748
12.754380702972412
10.92793607711792
3.320863962173462
8.368878841400146
10.395448923110962
5.945803165435791
11.721991062164307
8.998076915740967
5.182238340377808
6.33793306350708
9.580562829971313
3.8165178298950195
11.287718772888184
3.9344000816345215
6.060648202896118
3.0589730739593506
14.320727109909058
6.519103050231934
8.843883991241455
7.522844076156616
2.7753238677978516
2.5191500186920166
10.350794076919556
2.7662291526794434
2.2824718952178955
3.808617115020752
4.417975902557373
2.444927930831909
4.584172010421753
10.006047010421753
2.5790441036224365
2.9348127841949463
6.819145917892456
5.6429688930511475
0.7170190811157227
1.4076449871063232
5.593790292739868
3.6262567043304443
11.063668012619019
4.076549291610718
9.934508085250854
7.519025087356567
7.293243169784546
5.161067724227905
5.510554075241089
9.79392409324646
8.48012089729309
4.637930154800415
17.141427040100098
12.250488042831421
8.665028810501099
5.9427618980407715
4.404637336730957
14.165973901748657
4.5657219886779785
2.644160032272339
4.298291921615601
2.6668028831481934
10.83173394203186
3.1755619049072266
14.515388250350952
5.005625009536743
5.9613001346588135
2.560601234436035
6.092259883880615
12.217417001724243
14.18584394454956
3.2215261459350586
19.041212797164917
14.18243408203125
9.93199610710144
3.4451980590820312
2.8939712047576904
6.616600036621094
10.689775228500366
3.7563722133636475
8.84823989868164
6.4656829833984375
2.4561638832092285
11.369060754776001
7.382900953292847
13.415521144866943
7.947535037994385
12.064465761184692
1.196202039718628
7.76233983039856
4.176508188247681
16.930532932281494
1.4208121299743652
4.99682092666626
6.9117491245269775
8.142051935195923
1.2874200344085693
13.09155011177063
8.032765865325928
15.85028600692749
3.3414509296417236
11.542537927627563
11.475713968276978
14.52812385559082
5.728058815002441
4.324979066848755
8.151870965957642
2.601835012435913
5.548305988311768
4.36948299407959
8.44512414932251
14.078979253768921
13.803299903869629
5.248909950256348
2.989332914352417
6.011151313781738
7.248373031616211
6.279066801071167
5.711744070053101
1.464479923248291
1.7824969291687012
12.50473403930664
2.8025479316711426
3.587175130844116
4.206937074661255
2.4301199913024902
6.350832223892212
4.456605911254883
8.225651979446411
3.637861728668213
9.178046941757202
7.966166019439697
2.5339579582214355
18.846708059310913
18.207454919815063
9.620136022567749
8.585030794143677
4.81459903717041
4.351544141769409
5.48195481300354
3.091337203979492
2.091217041015625
17.145035982131958
6.031524896621704
4.786818027496338
1.6788480281829834
5.374574899673462
9.514963865280151
9.335190057754517
4.5439453125
8.390907764434814
7.800077676773071
3.202165126800537
6.977153062820435
3.167156934738159
1.165870189666748
2.997893810272217
6.476369857788086
9.410989761352539
4.51856803894043
7.738090991973877
1.377072811126709
5.1070616245269775
6.1032609939575195
7.286771774291992
1.4714579582214355
6.8916709423065186
4.432021141052246
3.2841432094573975
9.329892873764038
6.760905981063843
1.5879628658294678
2.716723918914795
3.7894110679626465
6.945268869400024
12.766797065734863
6.7691650390625
1.3839600086212158
1.9216818809509277
4.951487064361572
8.372953176498413
1.8694300651550293
9.2636079788208
1.2540202140808105
4.217299938201904
12.109323024749756
7.683045864105225
2.3525960445404053
7.2744927406311035
2.854379892349243
11.029398202896118
5.302930116653442
7.055614948272705
2.140005111694336
10.065074920654297
4.996177911758423
10.1088387966156
2.8114430904388428
3.8445639610290527
1.2620749473571777
17.868987798690796
4.0531840324401855
7.989652872085571
4.238306045532227
12.82106900215149
1.9769909381866455
8.603760957717896
1.4298481941223145
7.10225772857666
5.134681224822998
4.212869167327881
4.701183080673218
1.0345501899719238
5.7965381145477295
6.27214503288269
3.9377827644348145
9.407323837280273
6.500684976577759
3.237420082092285
17.82462501525879
10.324220895767212
4.176849365234375
16.231679916381836
10.15012812614441
4.339890956878662
5.284840106964111
3.554295778274536
3.1235110759735107
11.687514066696167
1.0872430801391602
6.607594966888428
7.244482040405273
3.597090005874634
5.693221807479858
8.495532035827637
10.710978031158447
1.8530089855194092
6.2233381271362305
10.379530906677246
3.637895107269287
3.271357774734497
5.212491035461426
3.725827217102051
17.19376301765442
2.3002302646636963
4.007224798202515
8.194780826568604
11.505048036575317
15.617732763290405
6.123020172119141
3.857328176498413
4.052940130233765
4.932691812515259
8.701712846755981
5.6558380126953125
6.326366901397705
9.161817789077759
11.649817943572998
4.01000714302063
6.395256042480469
4.470425128936768
2.067450761795044
4.825238943099976
1.4291698932647705
8.063780069351196
7.558669090270996
3.318276882171631
3.9434728622436523
1.650480031967163
3.532334804534912
14.591907739639282
1.922691822052002
5.1231207847595215
12.2688729763031
5.264710903167725
3.336801052093506
4.562545299530029
8.235799074172974
7.8758978843688965
4.2155821323394775
2.1762630939483643
10.757262945175171
7.6426780223846436
3.9474408626556396
6.7406041622161865
3.807088851928711
3.6416280269622803
3.1183128356933594
7.792086124420166
7.960515975952148
7.429460287094116
7.784208059310913
4.438586950302124
14.921311140060425
19.895020961761475
10.641560077667236
2.7969861030578613
8.717113018035889
6.419435977935791
9.881361722946167
2.4908969402313232
6.807183742523193
8.791274070739746
4.660205125808716
2.8408491611480713
6.545501947402954
10.533066034317017
3.013098955154419
7.395164966583252
5.5659871101379395
9.092539072036743
7.961689710617065
6.249862194061279
7.245445966720581
6.917195796966553
5.195401906967163
6.6778340339660645
6.281968116760254
11.908715963363647
0.8892412185668945
8.076566934585571
6.311618089675903
6.4792351722717285
11.798083066940308
3.3786001205444336
4.2844178676605225
12.912794828414917
8.215583086013794
5.004525184631348
5.866053104400635
17.727401971817017
2.48415207862854
6.064405918121338
5.557553768157959
5.681460857391357
5.922574758529663
4.707476854324341
4.705181121826172
5.72078800201416
2.8210182189941406
0.8573319911956787
5.648298978805542
2.974027156829834
2.658179998397827
2.179978132247925
3.270081043243408
1.270873785018921
6.562775135040283
1.24717116355896
3.8282620906829834
9.118304967880249
9.34483814239502
12.681571245193481
7.268333911895752
3.945976972579956
3.7371771335601807
1.673543930053711
5.3305089473724365
3.653620958328247
9.2984299659729
2.8748509883880615
3.3025619983673096
7.373726844787598
10.067903995513916
11.973573923110962
20.47383189201355
6.6168882846832275
3.3386011123657227
1.263369083404541
3.928528070449829
8.863893985748291
8.2207510471344
8.201939105987549
14.362122058868408
3.5327820777893066
11.56212306022644
4.879817008972168
3.7915430068969727
15.362638711929321
6.93902587890625
5.708136796951294
6.745767831802368
8.703593969345093
9.587186098098755
5.304502725601196
7.339064836502075
5.64028787612915
5.102060079574585
2.7336390018463135
13.869980812072754
3.934206962585449
14.814069032669067
1.7441401481628418
6.555736780166626
3.5500009059906006
6.783492088317871
4.065710067749023
6.9947569370269775
6.504951000213623
4.660744905471802
0.46126890182495117
4.70042085647583
4.404271125793457
7.645242214202881
3.4168472290039062
1.9193353652954102
5.898941278457642
4.868552207946777
2.5811119079589844
7.4938249588012695
6.223178386688232
6.692028999328613
4.388181924819946
5.539326906204224
2.3169422149658203
5.743319034576416
7.216790199279785
3.6457200050354004
4.41144585609436
11.526204824447632
3.3806569576263428
2.4745309352874756
3.157417058944702
4.781177759170532
4.024497032165527
11.601615190505981
1.8456110954284668
3.237100839614868
13.315505027770996
3.145198106765747
4.800063848495483
4.295582056045532
6.72838020324707
1.1417019367218018
8.699717998504639
9.014304876327515
2.2008140087127686
2.1620490550994873
5.258199214935303
6.0373780727386475
0.752220869064331
10.634491920471191
14.360414028167725
2.4852468967437744
6.346523284912109
5.8225648403167725
5.011878728866577
4.4503021240234375
5.236272096633911
2.8387770652770996
6.688246011734009
4.653213262557983
3.845933198928833
1.617617130279541
4.52979302406311
7.683064699172974
3.036763906478882
11.114519119262695
7.891995906829834
8.474645137786865
4.743497133255005
0.8806488513946533
1.667607069015503
5.18272066116333
4.329624176025391
4.9040141105651855
6.038262128829956
14.222914934158325
2.6333210468292236
2.464560031890869
6.589881181716919
6.235728979110718
4.845489025115967
6.7729809284210205
1.1693272590637207
8.845746040344238
5.9324631690979
3.3428750038146973
2.1455137729644775
14.423735857009888
9.091155052185059
3.817899703979492
1.7946088314056396
3.7768821716308594
8.878706216812134
7.217342138290405
8.234063863754272
6.592469930648804
6.055081844329834
2.850858211517334
0.9153268337249756
1.6581270694732666
5.595117092132568
3.5230231285095215
7.628222942352295
5.58462381362915
0.7118990421295166
5.218990087509155
7.672290086746216
19.552088737487793
5.784144878387451
11.073193311691284
16.19483780860901
1.744277000427246
3.1975481510162354
14.839134931564331
1.900036096572876
7.648521900177002
9.513323783874512
5.771852970123291
1.7487900257110596
12.397004127502441
0.9334299564361572
1.768326759338379
6.864310026168823
6.17930793762207
3.94153094291687
10.820852994918823
2.8733878135681152
5.569281101226807
2.1405386924743652
1.5371959209442139
6.412904262542725
5.795920133590698
1.4513239860534668
10.836730241775513
5.997075796127319
9.726178169250488
6.599992275238037
13.731489181518555
7.534854888916016
8.060464143753052
3.877275228500366
5.25197696685791
4.745781898498535
3.939267158508301
20.3028302192688
7.088749885559082
3.2411367893218994
8.32528305053711
3.9264791011810303
5.686053037643433
2.5368340015411377
9.414425134658813
4.457584857940674
11.235682010650635
6.017132997512817
6.817124128341675
1.4908668994903564
3.0146238803863525
7.734010696411133
4.735987901687622
10.399879932403564
5.268215894699097
2.788800001144409
7.590048313140869
4.585220813751221
1.496838092803955
12.122573137283325
6.220639944076538
8.002930879592896
3.558777093887329
2.5078542232513428
2.303441047668457
8.159686803817749
10.833088874816895
12.742774963378906
3.0593349933624268
3.370246171951294
5.758923053741455
8.819891214370728
3.2566206455230713
3.038238048553467
1.2111988067626953
1.2862529754638672
9.637817144393921
5.083619832992554
8.042500257492065
0.8880670070648193
0.9913477897644043
4.849177122116089
5.1952550411224365
15.462371110916138
13.87636923789978
8.859982967376709
1.9378008842468262
15.020369052886963
5.269208192825317
10.795492172241211
8.17685604095459
6.102779865264893
11.851746082305908
2.692620038986206
3.253053903579712
8.051079034805298
4.694218158721924
5.416279077529907
3.9337589740753174
3.1589949131011963
9.573768854141235
1.4814798831939697
6.250827074050903
2.5698060989379883
3.4791829586029053
1.727496862411499
12.453207969665527
4.712958812713623
5.933125972747803
5.848292112350464
6.110552072525024
6.756844758987427
5.090288877487183
4.978663206100464
8.01937198638916
3.7433829307556152
2.834122896194458
6.397688150405884
7.8921873569488525
12.575469017028809
3.789468765258789
7.649449110031128
2.758655071258545
4.610397815704346
2.713226079940796
4.498254060745239
1.906628131866455
2.3189918994903564
8.370090246200562
3.166053056716919
6.473855972290039
19.49889087677002
2.663743019104004
1.711810827255249
3.1559290885925293
4.14319109916687
8.611485958099365
3.7487380504608154
5.04876708984375
5.179582118988037
3.7126710414886475
10.871860027313232
2.893071174621582
10.46606993675232
2.8949532508850098
1.4111518859863281
3.601407051086426
1.6470551490783691
5.996572732925415
12.416632890701294
5.8331780433654785
3.6886308193206787
8.088805913925171
11.035953283309937
16.457117080688477
3.6581833362579346
13.627314805984497
1.9009671211242676
6.118349075317383
4.244729042053223
2.4961400032043457
5.332813024520874
14.316528797149658
9.360501050949097
9.292768955230713
12.091248035430908
6.111730098724365
6.068253993988037
3.864758014678955
1.5479888916015625
13.162115097045898
7.074178218841553
2.6972548961639404
9.045279264450073
2.0472402572631836
2.231009006500244
4.083821058273315
2.420579195022583
3.069801092147827
2.8257861137390137
4.336760997772217
5.25166916847229
3.4007909297943115
10.37733793258667
14.796954870223999
3.170958995819092
5.336337089538574
5.583337306976318
3.8850901126861572
3.2119140625
3.441540002822876
1.6005260944366455
8.44127893447876
8.785126209259033
8.45719599723816
5.420952081680298
6.108566045761108
3.0837721824645996
7.9449379444122314
5.669533014297485
5.35715913772583
4.024545907974243
6.449041128158569
4.257782936096191
11.478873014450073
4.860485076904297
9.101546287536621
2.364018201828003
6.422024965286255
2.4619297981262207
8.905972003936768
6.9887919425964355
11.79775619506836
17.298197031021118
8.698936939239502
10.477258920669556
3.417062997817993
2.761147975921631
7.317590713500977
9.21600890159607
3.958671808242798
19.179980039596558
17.04383897781372
3.3436999320983887
3.672495126724243
2.042829990386963
10.632262945175171
9.398828029632568
7.570536851882935
3.834700107574463
6.581829071044922
6.105488061904907
8.579747915267944
3.953206777572632
6.8220601081848145
18.323025226593018
4.228456020355225
5.152978897094727
6.01297402381897
6.802995920181274
3.1351029872894287
7.164709091186523
0.8675169944763184
6.991273880004883
3.7646610736846924
4.222620964050293
6.991225004196167
17.247100830078125
12.034703969955444
7.233521938323975
9.063707828521729
0.8450069427490234
1.7933428287506104
1.1535310745239258
2.1140568256378174
26.558965921401978
1.5972299575805664
4.38808798789978
0.9512279033660889
3.435645341873169
20.39639401435852
6.221951007843018
2.9295847415924072
14.063661098480225
3.710455894470215
3.872853994369507
6.881652116775513
10.920878887176514
14.4565749168396
16.290658950805664
2.8888871669769287
4.569315671920776
4.586246728897095
5.3490400314331055
5.341575860977173
12.121122121810913
8.282202959060669
5.43419885635376
4.010931968688965
3.897907257080078
1.3268589973449707
6.501193284988403
2.8452799320220947
10.252431869506836
4.301042079925537
6.2333409786224365
8.629086971282959
2.8806798458099365
3.0000157356262207
7.794539213180542
4.624742031097412
4.707162857055664
3.2213850021362305
3.507261037826538
8.751288175582886
3.0309650897979736
8.455842971801758
8.536448001861572
9.592740058898926
7.555553913116455
2.362762928009033
9.384642124176025
4.0230841636657715
11.883311033248901
5.457329273223877
3.797948122024536
3.938359022140503
5.333049774169922
4.484002113342285
1.8705761432647705
16.821651935577393
8.30307126045227
3.2072651386260986
5.285175085067749
3.9616549015045166
2.600675106048584
2.057098150253296
6.194530963897705
7.992849826812744
3.6596832275390625
16.30565905570984
7.360889673233032
2.633607864379883
2.963625907897949
6.816299915313721
5.413302898406982
2.2866928577423096
5.501744270324707
11.386383771896362
2.307913303375244
2.992849826812744
2.0922658443450928
6.805578947067261
2.5165910720825195
1.7863430976867676
5.454813003540039
7.4988789558410645
3.2380170822143555
2.495986223220825
3.184216022491455
15.063046932220459
2.5607192516326904
1.6427969932556152
23.65057897567749
2.8063390254974365
7.238919019699097
2.836402177810669
9.430146217346191
4.896883964538574
11.310707092285156
5.568805932998657
15.33577013015747
4.469415187835693
9.01849102973938
5.369725227355957
12.930096864700317
6.672540903091431
8.87573504447937
1.1578927040100098
3.248991012573242
3.5148890018463135
11.435651779174805
24.09094786643982
12.330948829650879
3.1362252235412598
12.077911138534546
6.156061172485352
1.7519299983978271
2.277531147003174
7.435194253921509
3.2106122970581055
6.421879053115845
2.5326058864593506
5.707411050796509
12.276493072509766
3.1731390953063965
6.6702587604522705
9.75183391571045
2.5629990100860596
9.836459159851074
13.83440899848938
10.622479915618896
9.43246078491211
8.375526905059814
9.576744794845581
4.325118064880371
10.885369062423706
4.223389148712158
2.6482467651367188
8.445109128952026
5.394498109817505
4.775697946548462
11.075325727462769
6.46692681312561
15.21357011795044
3.59355092048645
6.225007772445679
4.287885904312134
1.4109668731689453
5.326778888702393
3.1883301734924316
1.2715840339660645
5.44487190246582
1.7930891513824463
6.654297828674316
2.5703742504119873
3.8197641372680664
12.600964069366455
2.728766918182373
12.484469890594482
1.8466029167175293
2.0112500190734863
9.717561721801758
15.052683115005493
7.146384000778198
3.0988521575927734
6.401953935623169
4.432187795639038
4.3349738121032715
7.235374212265015
7.812396049499512
8.62914776802063
7.816863059997559
6.726343393325806
5.511745929718018
0.4282658100128174
9.522856950759888
3.2653849124908447
11.48152494430542
7.724333047866821
1.4187681674957275
6.170374870300293
3.203068733215332
10.567936897277832
9.27028512954712
3.9523110389709473
3.3035073280334473
2.1528637409210205
1.1596629619598389
5.8638389110565186
2.9782369136810303
3.817068099975586
9.24144196510315
1.5345771312713623
11.523959159851074
4.243444919586182
8.365783929824829
3.758350133895874
6.36955714225769
10.402228116989136
2.5158348083496094
4.707624197006226
4.462753057479858
2.700049877166748
4.338292121887207
5.070594072341919
5.537399053573608
6.759448051452637
2.3724820613861084
5.944549083709717
5.7818849086761475
3.2820260524749756
8.139156341552734
4.370080947875977
6.675814151763916
2.331230878829956
2.240657091140747
13.299770832061768
1.8897478580474854
2.1442618370056152
16.3023419380188
3.721261978149414
5.207113027572632
13.098900318145752
3.287804126739502
8.029047966003418
3.0099260807037354
4.978327035903931
3.379276752471924
4.7379419803619385
1.7967157363891602
1.1523981094360352
16.219064712524414
1.6678009033203125
3.100238800048828
4.2983717918396
7.358936071395874
3.924372911453247
2.638659954071045
4.312566041946411
2.146272897720337
15.576971054077148
3.9529128074645996
13.432868003845215
2.2117722034454346
4.997689962387085
8.769558191299438
17.660340785980225
8.188342094421387
16.107469081878662
6.0563859939575195
7.051370859146118
6.397420167922974
10.749271869659424
2.8605799674987793
14.785741090774536
7.90434193611145
2.5418660640716553
7.119556188583374
7.412247657775879
3.023959159851074
8.51869511604309
3.855252981185913
3.6817939281463623
3.504564046859741
2.744718074798584
2.2775399684906006
2.316202402114868
11.109625816345215
2.2877960205078125
5.412496089935303
9.307804822921753
5.819453954696655
8.5577232837677
1.932847023010254
2.910493850708008
10.908840417861938
4.99252986907959
5.224467039108276
6.540208101272583
13.365653991699219
7.01986289024353
10.295249938964844
15.69053602218628
3.1240251064300537
3.092902898788452
8.12167501449585
7.187896013259888
8.756054878234863
4.828484058380127
2.086949110031128
6.0361950397491455
8.016788005828857
2.788742780685425
10.176655769348145
4.955839157104492
12.726006984710693
4.322090148925781
4.241438865661621
2.456822156906128
8.140621900558472
8.159157037734985
5.564353942871094
3.9145212173461914
1.9353218078613281
4.225116968154907
8.247262001037598
2.0140979290008545
1.8082029819488525
3.529109001159668
3.6097023487091064
2.7803330421447754
1.0666418075561523
1.696155071258545
6.006954908370972
4.13686203956604
5.52749490737915
1.8578999042510986
4.306205987930298
4.073083877563477
6.203128814697266
2.706636667251587
9.674845933914185
1.672102928161621
4.196948051452637
5.261920213699341
4.3469860553741455
1.7188282012939453
8.93437910079956
2.8766469955444336
3.715786933898926
6.667166233062744
4.346400022506714
5.405484676361084
7.450882196426392
4.916867256164551
3.7509469985961914
6.517190217971802
12.422971725463867
7.534324884414673
2.733597993850708
6.215975284576416
4.207190036773682
4.657347679138184
11.263561964035034
15.88600778579712
14.495753049850464
4.803865909576416
4.0541582107543945
6.936392068862915
13.297282218933105
2.370082139968872
1.8530540466308594
8.520684957504272
10.297788858413696
1.6149718761444092
14.007524251937866
2.8100998401641846
10.883615970611572
3.929964065551758
2.565148115158081
8.835274934768677
1.8945186138153076
2.408595085144043
8.150101900100708
4.113602161407471
14.653159141540527
2.145308017730713
0.591163158416748
6.284134149551392
7.185018062591553
10.589224815368652
5.487210273742676
4.803465127944946
3.922805070877075
3.8755130767822266
9.860848188400269
10.431466102600098
13.483580827713013
4.750310897827148
6.175586700439453
4.943598031997681
5.163370132446289
4.366458892822266
4.930088996887207
2.0854830741882324
2.8782742023468018
4.939300775527954
0.9877901077270508
1.8726410865783691
4.602041006088257
1.8427860736846924
10.274837017059326
5.653462171554565
12.93195104598999
6.286463975906372
10.536986112594604
3.3222110271453857
3.837817907333374
7.27048397064209
5.737945795059204
13.043093919754028
2.8769659996032715
6.696568965911865
7.582521200180054
5.971612930297852
13.32787275314331
8.840804100036621
12.429859161376953
10.298287153244019
7.130779981613159
8.359123945236206
4.691356897354126
4.0561439990997314
3.289285182952881
2.943264961242676
2.4319050312042236
5.709445238113403
3.4610671997070312
4.684279203414917
5.6618332862854
3.8874781131744385
2.8313870429992676
5.471660614013672
16.593653678894043
1.6037697792053223
1.1431519985198975
2.6420950889587402
4.353231191635132
11.48055100440979
2.229469060897827
3.816429853439331
6.615251064300537
3.849419116973877
2.2833549976348877
12.077749967575073
6.027598142623901
11.998857021331787
7.247605085372925
4.453435182571411
7.8446149826049805
5.689609050750732
5.769506216049194
5.865766286849976
10.897550106048584
9.123378992080688
5.215419769287109
14.814819812774658
3.9203169345855713
2.556368112564087
7.308260917663574
5.6111369132995605
6.29829216003418
9.273015975952148
3.8203799724578857
6.7417988777160645
1.3783206939697266
4.064223289489746
1.4679596424102783
3.9072072505950928
6.718481063842773
4.706341028213501
7.719581127166748
2.2282559871673584
2.434471845626831
5.030311822891235
4.243656158447266
3.6877472400665283
5.439232110977173
2.1656529903411865
11.815067768096924
2.7319741249084473
5.858078956604004
4.7312822341918945
6.293047189712524
1.217581033706665
7.5352160930633545
7.450917959213257
6.787686824798584
9.089944124221802
7.528584003448486
4.522891998291016
4.302316188812256
7.442132949829102
4.799551010131836
3.9109790325164795
4.11506986618042
5.779091835021973
10.144453048706055
4.544070720672607
6.913949966430664
6.1308722496032715
6.100199937820435
4.57335901260376
6.595515966415405
9.619916200637817
2.838505983352661
2.632730007171631
6.1693079471588135
3.9892899990081787
4.991891145706177
7.635879039764404
2.6739590167999268
1.0061120986938477
5.334943056106567
3.1573197841644287
3.067952871322632
4.018322944641113
15.755560159683228
1.423595905303955
2.498094081878662
10.940744876861572
10.566481828689575
2.975554943084717
0.9050920009613037
10.83036208152771
5.8784339427948
2.786179780960083
5.336538791656494
10.670008182525635
12.27532410621643
2.5937070846557617
6.6733458042144775
2.106674909591675
7.1376051902771
2.015933036804199
1.9976468086242676
14.377860069274902
11.404908180236816
14.33241319656372
3.475767135620117
1.5445377826690674
2.6423439979553223
1.468703031539917
10.557360887527466
2.5967447757720947
6.370017051696777
5.1629838943481445
2.8720037937164307
2.840651035308838
9.02807903289795
6.113957166671753
10.130499124526978
2.347921133041382
1.8783738613128662
5.536176919937134
5.542325973510742
3.217123031616211
6.196916103363037
10.497949123382568
4.645730018615723
6.785938024520874
0.964756965637207
2.106407880783081
6.141350030899048
1.8781802654266357
7.630723237991333
3.5335938930511475
6.159034013748169
5.216308116912842
2.0319769382476807
3.1491711139678955
5.796933889389038
4.044259071350098
3.867516040802002
0.807344913482666
12.554282903671265
5.5025107860565186
5.156562328338623
1.9451498985290527
6.988530874252319
7.693831205368042
7.738216161727905
1.8688230514526367
6.589589595794678
4.165936231613159
9.584641933441162
4.9004433155059814
12.36906909942627
3.067483901977539
7.891757965087891
3.8009719848632812
12.27893328666687
6.761348247528076
8.143004894256592
1.0738930702209473
7.416992902755737
9.45520830154419
3.7165961265563965
2.5731749534606934
2.1550068855285645
1.576017141342163
3.161412000656128
2.3284752368927
2.411807060241699
4.692645072937012
11.166172981262207
0.8300919532775879
7.76667594909668
4.385770082473755
14.269673109054565
6.418142080307007
8.407201051712036
7.790663957595825
2.3402340412139893
6.812413930892944
6.756021976470947
2.4733808040618896
15.82906985282898
6.293105840682983
5.235435962677002
11.512785911560059
5.591844081878662
18.477191925048828
2.009105920791626
4.806439161300659
14.303133249282837
2.6722943782806396
2.0471179485321045
3.651710033416748
9.79064416885376
4.056462049484253
3.738830089569092
4.197890043258667
12.430000066757202
4.944159984588623
5.310181140899658
7.6907689571380615
1.4182021617889404
5.106877088546753
6.251129865646362
7.602582931518555
5.728043079376221
13.588712930679321
1.504335880279541
1.6996359825134277
15.97085690498352
3.210033893585205
8.783350944519043
9.122261047363281
1.893824815750122
9.624109029769897
21.212018966674805
3.219388961791992
3.767401933670044
5.510657072067261
2.4630048274993896
3.91265606880188
6.180491924285889
3.1656320095062256
4.943594932556152
2.8712568283081055
9.417500972747803
6.6943747997283936
3.214864730834961
1.431663990020752
9.576459884643555
4.495171070098877
1.304603099822998
0.9387960433959961
13.850498914718628
8.165372848510742
16.839402198791504
7.3107640743255615
13.134458065032959
4.759673118591309
6.037285089492798
4.130944013595581
3.7871038913726807
12.349045038223267
3.377302885055542
1.7635340690612793
5.164349317550659
5.176024675369263
7.461938381195068
17.20885992050171
3.5699291229248047
16.795772314071655
3.6232051849365234
26.971539974212646
2.6986029148101807
8.317516088485718
6.465979814529419
3.5662426948547363
1.8967647552490234
20.3556067943573
17.93733286857605
3.3828349113464355
5.430464744567871
9.347201108932495
13.595505952835083
1.8250019550323486
9.034730195999146
4.319793224334717
3.544342041015625
8.449079036712646
5.272207021713257
10.000964164733887
1.7429919242858887
6.608978748321533
5.374583005905151
12.939124822616577
3.848207950592041
2.5963571071624756
6.0433478355407715
10.214163780212402
1.6961901187896729
9.480699062347412
1.0208518505096436
6.830514907836914
12.460309028625488
2.37678599357605
3.2374701499938965
1.3679568767547607
4.509296894073486
6.121581792831421
3.3382599353790283
5.238077878952026
4.499069929122925
5.47089409828186
3.2637040615081787
1.2217521667480469
1.4128129482269287
1.7340061664581299
5.858503103256226
1.397674322128296
5.29466986656189
6.679035902023315
7.5332419872283936
5.7386109828948975
5.634210824966431
3.398512125015259
9.000576972961426
3.1236608028411865
4.390154838562012
3.4061269760131836
12.212846040725708
3.8390047550201416
9.627132892608643
1.5042839050292969
5.671618700027466
5.860391855239868
5.387005090713501
2.16678786277771
2.477177858352661
3.860485076904297
8.042578220367432
7.457191228866577
4.012746095657349
1.1755290031433105
5.267620086669922
8.102498054504395
3.0106241703033447
1.077174186706543
3.598698854446411
1.4824950695037842
9.073747158050537
5.332811117172241
4.154952049255371
7.952207088470459
4.136296033859253
6.990464925765991
14.336753129959106
5.449048042297363
3.067276954650879
2.5684010982513428
5.940264940261841
5.218379020690918
6.743741273880005
1.7029049396514893
13.31651496887207
2.78643798828125
10.6861891746521
8.013378143310547
12.659159183502197
8.840028047561646
7.867779970169067
10.927196979522705
10.19248628616333
13.690180778503418
9.953288078308105
5.615455865859985
3.8387081623077393
9.799596071243286
2.2880430221557617
8.073278427124023
8.479443073272705
2.3324201107025146
10.327270984649658
1.8441951274871826
5.719641923904419
7.202163934707642
4.997022867202759
4.464778184890747
9.70640516281128
7.600516080856323
2.4123950004577637
14.505362749099731
11.85822582244873
7.800336122512817
3.6973259449005127
20.982601165771484
4.153191089630127
4.903827905654907
1.9719278812408447
4.356042861938477
3.579833984375
5.663121938705444
9.741812944412231
7.025763034820557
2.5356099605560303
11.430979251861572
11.003353118896484
5.0928051471710205
3.187631130218506
1.9030559062957764
6.499352931976318
5.221447229385376
5.345895051956177
3.844676971435547
3.84196400642395
9.30846905708313
2.939743995666504
10.231346130371094
1.1857950687408447
8.800124883651733
8.583868026733398
4.692300081253052
4.6341753005981445
2.471626043319702
1.8714890480041504
8.481873989105225
4.292935848236084
6.570726156234741
1.9342846870422363
9.24959111213684
8.518201112747192
10.067888975143433
8.78837513923645
6.934969902038574
6.907395124435425
7.210391998291016
2.4896750450134277
11.188194990158081
5.728521108627319
5.021897077560425
8.235348224639893
11.252192974090576
8.75130009651184
2.2640790939331055
5.675510883331299
3.1498219966888428
7.69203782081604
2.7448439598083496
9.542098760604858
6.805018901824951
4.171947956085205
4.393891096115112
3.5020217895507812
10.838483810424805
5.642673969268799
7.368424892425537
4.085288047790527
7.1400299072265625
7.0861430168151855
12.360619068145752
13.961558103561401
6.292461156845093
8.892443180084229
5.000808000564575
3.9096999168395996
6.08806586265564
0.9364337921142578
2.6992251873016357
6.572271823883057
10.522139310836792
1.2773678302764893
0.7736828327178955
11.863962173461914
9.807124853134155
5.940546989440918
6.791644811630249
7.181649923324585
3.475152015686035
4.413384914398193
7.253499746322632
9.655014991760254
5.810237884521484
11.119987964630127
6.334437131881714
5.155168056488037
5.253868103027344
0.8757901191711426
7.355536222457886
6.5859880447387695
7.699858903884888
9.477242946624756
6.850947141647339
5.8386969566345215
2.8537850379943848
6.13790225982666
6.1530539989471436
1.6566920280456543
9.862956762313843
5.808549165725708
2.356065034866333
3.0860390663146973
2.3402271270751953
3.0274791717529297
7.419138669967651
1.2292020320892334
4.083370923995972
2.644740104675293
5.641003131866455
9.009023904800415
7.848750114440918
9.473900079727173
4.524907112121582
2.8295881748199463
3.753622055053711
9.7189781665802
4.51866602897644
4.476311922073364
7.696412086486816
5.485133171081543
3.4230990409851074
9.960680961608887
7.469225883483887
5.899850845336914
2.8182568550109863
6.902597904205322
18.20453119277954
8.371033191680908
1.8386101722717285
4.816313028335571
4.038697004318237
1.8013238906860352
6.698153972625732
3.4026200771331787
14.998050928115845
6.045547008514404
7.81618595123291
3.6254098415374756
9.087153196334839
2.4921491146087646
7.193122148513794
1.227612018585205
2.8722310066223145
5.63598108291626
6.939726829528809
3.7704901695251465
4.058385848999023
12.452750205993652
2.001258134841919
8.721426010131836
4.969775915145874
4.473495006561279
6.131835222244263
9.999176025390625
5.644478797912598
10.182051181793213
6.226247787475586
19.66473698616028
7.125933885574341
8.802361965179443
3.5725648403167725
4.573637962341309
5.75571608543396
8.648268938064575
5.355802059173584
1.2813918590545654
4.8432910442352295
0.9140090942382812
3.5444138050079346
9.396613836288452
10.503511667251587
5.970886945724487
8.036326885223389
4.545223951339722
11.261608123779297
6.837575912475586
4.395551919937134
1.199854850769043
4.571788787841797
9.051233768463135
6.6504669189453125
6.342737913131714
7.60905385017395
5.877223968505859
14.092054843902588
10.67256498336792
5.106579780578613
1.944227933883667
3.8543267250061035
1.636687994003296
4.720161199569702
6.889303922653198
7.197294235229492
8.179023742675781
2.210404872894287
12.317301034927368
5.234370708465576
14.598171710968018
3.6063199043273926
9.886736154556274
6.427777051925659
13.5833580493927
7.065485954284668
2.7024059295654297
5.058261156082153
10.299317836761475
3.1437199115753174
4.94360876083374
4.059828996658325
6.451809883117676
14.565912008285522
4.060444116592407
5.809505939483643
7.798210144042969
1.5910820960998535
5.822614908218384
8.25672197341919
1.8206028938293457
9.125770092010498
1.786468267440796
9.691089153289795
0.7614619731903076
4.936892032623291
12.008034944534302
4.633602142333984
1.588813066482544
0.7467591762542725
7.405449867248535
2.2505838871002197
1.4752068519592285
0.4532470703125
19.1004478931427
3.738257884979248
6.694414854049683
1.880174160003662
3.722890853881836
13.666295051574707
4.841952085494995
6.160830020904541
2.776095151901245
4.795142889022827
0.8252630233764648
2.320927858352661
7.0040130615234375
17.473198175430298
2.2320382595062256
4.464356899261475
3.2061638832092285
2.807935953140259
4.329241752624512
7.630069017410278
7.962275743484497
6.390315055847168
3.317607879638672
8.46337103843689
2.8170506954193115
3.6254210472106934
9.386291027069092
3.0312340259552
8.385462045669556
4.331406116485596
7.45676326751709
9.255282878875732
4.167765140533447
7.2468178272247314
7.140769958496094
5.261661767959595
4.588388204574585
2.93929386138916
6.127631902694702
11.303758144378662
11.607411861419678
9.962751865386963
7.670317888259888
2.217287063598633
8.803842067718506
5.845837831497192
3.4393086433410645
7.015208959579468
8.625999689102173
1.7483739852905273
2.967371940612793
2.1726560592651367
3.1296639442443848
3.6432878971099854
2.1435980796813965
3.095393657684326
11.255192041397095
6.159936904907227
4.478729963302612
17.31264305114746
5.0286948680877686
4.882197856903076
6.576986074447632
8.13522982597351
2.8918402194976807
12.982691049575806
10.35339093208313
5.679873704910278
3.947756052017212
3.2800729274749756
2.7101681232452393
3.6573240756988525
8.774529933929443
6.616831302642822
5.271018028259277
6.314234018325806
6.521486759185791
4.690932035446167
1.9875540733337402
8.872036695480347
8.84962511062622
5.127054929733276
6.774462938308716
3.7226569652557373
6.317128896713257
1.8011770248413086
5.298633813858032
8.077131032943726
9.016279220581055
12.338993072509766
2.442120313644409
1.1678438186645508
6.206241130828857
5.904911756515503
8.361501932144165
2.251828908920288
4.499599933624268
19.752741813659668
5.200346231460571
2.4075767993927
4.238792896270752
9.296118021011353
4.643974781036377
1.8309860229492188
3.715054750442505
5.349260091781616
6.3063318729400635
1.8786609172821045
5.467676877975464
22.392364025115967
3.596879005432129
4.729558706283569
3.7642061710357666
13.961676120758057
9.511548042297363
2.40054988861084
4.698321104049683
5.450115203857422
5.387998104095459
3.5689358711242676
4.8451807498931885
12.054064989089966
6.376604795455933
4.5841569900512695
7.244149208068848
3.5163002014160156
4.046749830245972
3.7219269275665283
3.9452219009399414
1.7806499004364014
11.072495222091675
6.0162742137908936
4.516831874847412
6.524158954620361
4.120035886764526
2.8395450115203857
2.3750641345977783
1.8830747604370117
18.212206840515137
8.509413957595825
3.6908600330352783
4.365259170532227
2.2984607219696045
4.623600006103516
9.186861038208008
1.777235984802246
2.5174100399017334
3.140338182449341
6.34286904335022
7.009598016738892
3.7603578567504883
19.90016222000122
4.107196807861328
2.466620922088623
4.384683847427368
7.310203790664673
4.817509889602661
2.9686379432678223
1.7669219970703125
9.264659881591797
3.8400399684906006
5.005218982696533
8.403028964996338
5.355243921279907
8.267651081085205
4.608069181442261
6.42641806602478
3.9653539657592773
5.4478559494018555
5.9445641040802
1.1785368919372559
8.549400806427002
9.68456506729126
12.409271001815796
12.647120952606201
7.041085958480835
4.862350940704346
2.8573763370513916
1.3793060779571533
7.346438884735107
12.506098985671997
4.844269037246704
7.5424041748046875
1.4602129459381104
1.4323749542236328
11.420329093933105
3.244507074356079
13.494161128997803
4.925229072570801
4.078370809555054
5.748791217803955
1.1167871952056885
11.441178798675537
2.1944546699523926
12.701581954956055
6.268954038619995
5.96052098274231
8.007606029510498
2.6170949935913086
17.41213893890381
3.336038827896118
2.8813748359680176
7.205282926559448
7.150903940200806
8.0120849609375
1.548818826675415
4.413113117218018
2.958193063735962
4.01706600189209
5.207151889801025
2.677795886993408
6.098598957061768
1.9046869277954102
11.474902629852295
10.198380708694458
6.450441837310791
5.157599210739136
2.98293399810791
18.59305191040039
5.9318060874938965
7.669416904449463
7.327116012573242
2.54426908493042
4.0644001960754395
6.728987216949463
8.788439989089966
5.779675722122192
6.303431987762451
5.205258846282959
4.231796979904175
4.396748065948486
11.621056079864502
6.743591070175171
5.891125917434692
12.678694009780884
5.060915946960449
5.758124589920044
4.620694875717163
3.7877957820892334
3.714383840560913
5.832809925079346
6.885514974594116
5.390697002410889
7.6545021533966064
3.334290027618408
4.677587985992432
4.57371711730957
2.5748212337493896
2.591785192489624
11.954301118850708
6.666621923446655
9.053761005401611
7.449328899383545
2.9717869758605957
12.363489151000977
6.349040269851685
6.063504219055176
5.591885089874268
1.6305160522460938
2.9577548503875732
4.304738998413086
10.274391889572144
5.935346841812134
0.7973439693450928
11.55410099029541
4.196501016616821
2.4839699268341064
3.7015161514282227
11.206421136856079
2.829519271850586
9.4640531539917
5.080937385559082
5.362117767333984
14.656787872314453
5.987989902496338
12.479083061218262
9.41835904121399
7.384479999542236
1.8997628688812256
6.799413204193115
11.272998094558716
9.044527053833008
2.992177724838257
13.808534860610962
8.235201835632324
7.6728880405426025
3.002268075942993
3.591820001602173
9.802607297897339
2.2765400409698486
6.700552940368652
9.67444920539856
12.724918127059937
10.403615951538086
3.024080991744995
2.957158088684082
8.49108099937439
2.211803913116455
2.679060935974121
2.6110341548919678
3.473904848098755
4.62423300743103
8.398117780685425
9.469763040542603
7.271921157836914
2.2454850673675537
6.998367071151733
7.0519280433654785
5.456820011138916
7.876937389373779
4.106360673904419
6.003031969070435
6.64392614364624
6.280915975570679
8.240942001342773
1.2997329235076904
2.7971856594085693
4.124600887298584
3.8196468353271484
2.182084798812866
6.386670112609863
1.2371089458465576
2.1618709564208984
4.832679033279419
3.9081082344055176
7.423491954803467
6.106292963027954
4.940111875534058
12.316550254821777
1.838989019393921
3.355128049850464
9.378697872161865
8.178136825561523
1.8184740543365479
4.550431966781616
7.7858381271362305
7.017930030822754
3.4079439640045166
6.781019926071167
4.715285062789917
12.444458961486816
6.910139083862305
3.906965970993042
4.653021812438965
5.064707040786743
3.756704092025757
7.853028059005737
4.807357311248779
12.717130184173584
8.74102783203125
12.904058694839478
2.1445658206939697
1.7849512100219727
2.5010433197021484
2.0654289722442627
2.12616229057312
0.5585508346557617
4.573864936828613
6.955059051513672
3.830148220062256
3.1862149238586426
4.0146119594573975
6.622786045074463
1.1172749996185303
5.061618328094482
4.617924928665161
3.1306114196777344
13.63867712020874
6.635716915130615
2.2043514251708984
2.3248298168182373
7.037818670272827
0.8158109188079834
5.877056121826172
3.371411085128784
2.608747959136963
2.652438163757324
5.848965167999268
5.113364934921265
2.622565746307373
2.632075071334839
8.246148824691772
6.096760988235474
11.69766902923584
3.1862947940826416
3.549813985824585
17.017616033554077
7.4264349937438965
5.055129051208496
2.0323641300201416
2.7775940895080566
2.563944101333618
16.894700050354004
3.983945846557617
1.5310280323028564
2.260869026184082
4.1713337898254395
3.0144760608673096
10.21460223197937
13.820163011550903
11.596369743347168
4.835936069488525
3.5542349815368652
4.069433212280273
6.618009090423584
4.858598232269287
1.7050340175628662
5.282940864562988
6.744688272476196
6.210040092468262
4.4639599323272705
14.73487377166748
6.028133153915405
3.304352045059204
4.049736261367798
6.502267122268677
2.8343698978424072
11.815783023834229
4.415015935897827
3.8802168369293213
4.980898141860962
4.44870400428772
16.215091943740845
3.8548989295959473
11.431902885437012
6.477508068084717
5.3410210609436035
3.324475049972534
7.567661762237549
7.806103944778442
8.26485800743103
6.028702974319458
2.7151708602905273
2.1068010330200195
6.551272869110107
3.904139995574951
1.2577919960021973
3.3586931228637695
4.591927766799927
1.4186081886291504
10.579694986343384
19.037945985794067
3.2592999935150146
8.197832107543945
1.391916036605835
0.8482897281646729
14.013471126556396
2.5481719970703125
6.368162155151367
6.663386821746826
4.6580541133880615
5.451972007751465
1.298090934753418
1.4609308242797852
11.591460704803467
11.134881019592285
12.930352210998535
5.609215259552002
5.819941282272339
11.991249799728394
6.480931043624878
3.675848960876465
4.597872972488403
4.786716938018799
9.652683019638062
8.038928270339966
4.544366121292114
5.176730155944824
8.654340982437134
7.389700889587402
3.5470409393310547
16.92807698249817
4.6703941822052
2.0121395587921143
2.88179874420166
9.308763980865479
2.8549723625183105
8.280242919921875
5.010085105895996
8.871278047561646
4.072128057479858
6.597794055938721
6.624317169189453
7.332142114639282
4.560903787612915
4.117215156555176
1.5884838104248047
2.1851630210876465
2.173945903778076
8.174506425857544
6.968318223953247
4.6361799240112305
6.089756727218628
7.6351377964019775
5.377397060394287
1.0776739120483398
4.272052049636841
5.4131669998168945
14.27063512802124
7.349272012710571
3.099905014038086
19.211411952972412
6.16287088394165
7.68157696723938
4.934167146682739
5.133058071136475
6.803579807281494
2.823223114013672
4.881868124008179
5.934412002563477
4.178701162338257
9.37373399734497
1.6804587841033936
3.2979588508605957
2.0767059326171875
2.406015157699585
3.0457420349121094
4.139705181121826
5.897336006164551
5.764952898025513
16.80399465560913
10.85500693321228
5.682289123535156
9.887501955032349
3.349760055541992
4.81852126121521
10.469046115875244
1.7286899089813232
6.065916299819946
4.784550905227661
4.920557022094727
3.0959811210632324
4.102458238601685
3.930467128753662
1.8547909259796143
11.09276294708252
3.44230318069458
1.4140422344207764
4.173885107040405
9.53578495979309
7.289011240005493
2.76057505607605
6.660095930099487
5.09149169921875
3.4877939224243164
7.471512079238892
4.135055065155029
9.213968992233276
12.042459726333618
8.326360940933228
9.995767831802368
3.3189661502838135
4.788341045379639
6.460286855697632
2.4831349849700928
9.524211883544922
10.497327089309692
6.923811674118042
3.5147759914398193
13.799748182296753
8.029408931732178
7.0276453495025635
4.301953077316284
11.748390913009644
10.423625946044922
5.498000860214233
6.320183038711548
14.960740089416504
1.7181499004364014
9.54400110244751
1.858553171157837
1.2144598960876465
3.2706480026245117
4.444752931594849
8.539798021316528
5.27770209312439
1.6322240829467773
6.722778797149658
0.8402509689331055
10.733029842376709
13.303635835647583
12.835748195648193
7.259356260299683
9.932476043701172
4.241118907928467
6.301769018173218
5.085601091384888
9.543498992919922
12.90123701095581
9.454111814498901
5.5264270305633545
11.257561922073364
8.343745946884155
6.427888870239258
12.647402048110962
13.081373929977417
14.003991842269897
5.052206754684448
7.20711612701416
10.911914825439453
6.457058668136597
2.5511202812194824
1.1508917808532715
6.440375089645386
0.8940029144287109
5.787576198577881
4.046142101287842
5.323486089706421
8.137833833694458
11.895416736602783
3.9164202213287354
5.2592692375183105
10.052667140960693
9.753087997436523
3.6275179386138916
8.362190008163452
1.9823520183563232
19.592493772506714
12.223733901977539
1.897939920425415
4.437560081481934
8.14346694946289
6.45251202583313
4.305951833724976
6.328927993774414
3.1270320415496826
4.0318262577056885
14.449657201766968
3.9135050773620605
3.8340260982513428
18.56680393218994
8.759505033493042
7.6031129360198975
6.499650001525879
2.820434808731079
4.555747032165527
15.310830116271973
4.672807931900024
3.381160020828247
7.227941036224365
8.184516668319702
3.778165102005005
6.495321989059448
3.7502851486206055
6.401247024536133
16.756019353866577
1.6254220008850098
15.259593963623047
7.16587495803833
6.888060092926025
10.648590087890625
13.961991786956787
6.980825901031494
5.275219917297363
3.1708528995513916
8.79286503791809
4.431034088134766
6.048841953277588
2.2020139694213867
3.0935988426208496
16.385803937911987
4.016474008560181
9.656614065170288
2.7217581272125244
6.624326944351196
6.545090675354004
28.739710807800293
11.477548122406006
2.3886139392852783
2.530188798904419
6.569427013397217
4.482748031616211
2.3558971881866455
3.9948790073394775
6.076275110244751
8.646200180053711
2.81520676612854
4.643208026885986
2.0198771953582764
3.4543240070343018
8.627941846847534
0.5548171997070312
7.120357990264893
8.416728258132935
7.522452116012573
9.542217016220093
3.5213961601257324
6.552080154418945
4.233906984329224
3.9258921146392822
13.832573890686035
3.986173152923584
1.3341498374938965
7.955201148986816
5.0628502368927
5.814884901046753
4.510205268859863
1.1381011009216309
8.609870672225952
1.5523731708526611
15.655665159225464
3.361358880996704
4.317718982696533
3.733314037322998
0.9668018817901611
13.51655125617981
8.89186406135559
0.8763408660888672
2.7542872428894043
1.9839537143707275
9.865451097488403
2.3951432704925537
6.808290958404541
8.429265022277832
12.819057941436768
12.38655424118042
3.075589895248413
8.153611898422241
11.924219846725464
4.018474817276001
4.147864103317261
8.28719687461853
20.67694091796875
5.947216749191284
13.26833701133728
4.512876987457275
16.843237161636353
1.5751018524169922
3.6014320850372314
3.8569657802581787
6.796924114227295
20.49296998977661
13.423413038253784
4.181289911270142
13.737188816070557
289.30207681655884
6.215394020080566
9.0697181224823
5.0102598667144775
10.689407110214233
679.0928349494934
4.156057834625244
5.212622165679932
11.434689998626709
47.26532697677612
15.742668151855469
12.661017179489136
13.343483924865723
423.85837292671204
1.9010651111602783
12.248772144317627
19.543425798416138
1067.296130180359
3.812927007675171
3.3598859310150146
10.344247817993164
18.398305892944336
8.523391962051392
4.2067811489105225
24.94566512107849
5.208039999008179
1.6550180912017822
7.446990966796875
241.85832715034485
7.013752222061157
12.998686075210571
12.841958999633789
1014.37890791893
5.05771803855896
21.18820595741272
9.206424951553345
1025.785800933838
2.5257351398468018
25.006272077560425
12.040872812271118
5.311993837356567
926.5755190849304
1.8538179397583008
22.480806827545166
13.719000816345215
970.6127700805664
5.722184896469116
19.25340509414673
15.616042852401733
1038.2430591583252
5.14699912071228
15.41285514831543
179.8913609981537
14.514419078826904
7.951157093048096
19.35952091217041
26.260770082473755
9.983010053634644
7.7725670337677
12.714579105377197
7.867522954940796
40.87080216407776
1.296355962753296
7.214894771575928
30.639219045639038
989.6327390670776
11.31559681892395
9.24330997467041
14.300462245941162
171.53448605537415
2.116464853286743
4.44551682472229
3.7929580211639404
8.734951972961426
2.517319917678833
1.5178639888763428
3.87027907371521
